cycle 5 5 5
K1 P5 [3, 3, 4, 5]
K1 P6 [(2, 1, 5, True), (2, 6, 2, False), (2, 8, 1, False), (4, 1, 6, True), (4, 6, 3, False), (4, 8, 2, False), (9, 1, 9, True), (9, 6, 6, True), (9, 8, 5, True)]
K1 P7 []
23 P4 [(0, 4, 5, 6), (2, 5, 5, 6), (4, 5, 5, 5), (9, 7, 5, 3), (10, 7, 5, 3)]
fixed max [((1, 5, 9), (3, 4, 8), (2, 6, 7), 5, 5, 5), ((2, 3, 9), (1, 6, 8), (4, 5, 7), 5, 5, 6), ((2, 4, 9), (1, 6, 8), (3, 5, 7), 5, 5, 5)]
23 P6 assignments 119 [((3, 5, 7), (2, 4, 12), (1, 9, 11))]
45 P4 four 10 7 10
six 20 20 20
six rounds 0.4527783893226153 0.3010682277054273 0.24615338297195738
(1, 5) (2, 4) 2 2
(2, 6) (1, 5) 3 1
(4, 6) (2, 3) 4 0
(1, 3) (2, 6) 1 3
15
Counter({(5, 5, 5): 6, (5, 5, 6): 6, (5, 6, 6): 3})
((1, 5, 9), (3, 4, 8), (2, 6, 7), (5, 5, 5))
((2, 3, 9), (1, 6, 8), (4, 5, 7), (5, 5, 6))
((2, 3, 9), (1, 7, 8), (4, 5, 6), (5, 6, 6))
((2, 4, 9), (1, 6, 8), (3, 5, 7), (5, 5, 5))
((2, 4, 9), (1, 7, 8), (3, 5, 6), (5, 6, 5))
4-card 1..12 cycles with 12 in A: 13 best min 9 ((1, 3, 10, 12), (2, 7, 8, 9), (4, 5, 6, 11), (9, 9, 9))
6 5 ((1, 4, 4), (3, 3, 3), (2, 2, 5), 6, 6, 5)
9 5 ((1, 4, 4), (3, 3, 3), (2, 2, 5), 6, 6, 5)
