cycle 5 5 5
deals 1680 cycles 15 Counter({(5, 5, 5): 6, (5, 5, 6): 6, (5, 6, 6): 3})
min edge over cycles {5}
two edges at 6: [((1, 7, 8), (4, 5, 6), (2, 3, 9), (6, 6, 5)), ((2, 3, 9), (1, 7, 8), (4, 5, 6), (5, 6, 6)), ((4, 5, 6), (2, 3, 9), (1, 7, 8), (6, 5, 6))]
three at 6: []
pinned cycles 3 [((1, 5, 9), (3, 4, 8), (2, 6, 7), (5, 5, 5)), ((2, 3, 9), (1, 6, 8), (4, 5, 7), (5, 5, 6)), ((2, 4, 9), (1, 6, 8), (3, 5, 7), (5, 5, 5))]
K1 P6 5 [(2, 1, 5), (4, 1, 6), (9, 1, 9), (9, 6, 6), (9, 8, 5)]
23P4 0 4 5 6
23P4 2 5 5 6
23P4 4 5 5 5
23P4 9 7 5 3
23P4 10 7 5 3
two-card cycles from 1-6: 0
K1 P7 equal splits 0
six 20 20 20 of 36
four 10 7 10 of 16
distinct six (5, 9) (5, 9) (5, 9)
distinct four (5, 9) (5, 9) (5, 9)
23P6 119 [((3, 5, 7), (2, 4, 12), (1, 9, 11))]
ahead 0.4527783893226154 tie 0.3010682277054273 lose all 0.007707346629258937
